30
6
117.16918796871745,31.85318321605651
117.16938611707407,31.852764140684513
117.1698206703775,31.852806011641874
117.17004085117813,31.853231501785483
117.16958774998982,31.853162441318396
117.16918796871745,31.85318321605651
9
117.16918796871745,31.85318321605651
117.16927233047485,31.852858589218027
117.16935669223227,31.852533962379542
117.16965903638774,31.85260815506204
117.1699613805432,31.852682347744533
117.17000111586067,31.85295692476501
117.17004085117813,31.853231501785483
117.16958774998982,31.853162441318396
117.16918796871745,31.85318321605651
9
117.16911848608518,31.85279470670796
117.16931802749136,31.852310651623153
117.1697327275279,31.85234893141074
117.17007152324682,31.852554902184092
117.17022423443713,31.852974338110297
117.17004085117813,31.853231501785483
117.16958774998982,31.853162441318396
117.16918796871745,31.85318321605651
117.16911848608518,31.85279470670796
13
117.16894860302152,31.852816328175127
117.16907803663729,31.852468603998965
117.16926382548134,31.852112293688656
117.16954173878193,31.852034231068032
117.16981965208252,31.85195616844741
117.17003206955437,31.852227308004547
117.17024448702621,31.852498447561686
117.17033261241352,31.852774469458346
117.17042073780082,31.853050491355006
117.17004085117813,31.853231501785483
117.16958774998982,31.853162441318396
117.16918796871745,31.85318321605651
117.16894860302152,31.852816328175127
15
117.16876233061743,31.85291845721547
117.16884760874035,31.85265252194087
117.16893288686326,31.852386586666267
117.16917191042202,31.851978125039217
117.16952190467966,31.851862208165443
117.16984852507007,31.851788714817573
117.17014258310905,31.852124818466226
117.17042495809156,31.852443868239025
117.17054405648497,31.8527694156174
117.17056918691199,31.853050491355006
117.17030501904506,31.853140996570247
117.17004085117813,31.853231501785483
117.16958774998982,31.853162441318396
117.16918796871745,31.85318321605651
117.16876233061743,31.85291845721547
18
117.16861898184314,31.853118063085844
117.16869198454927,31.852622693717947
117.16879632063119,31.852303005812672
117.16894645516668,31.85206653442758
117.16909658970218,31.85183006304248
117.16946637634413,31.85171314107602
117.16987888272972,31.85162077447308
117.17007775268358,31.85182006189796
117.17027662263745,31.85201934932284
117.17060090092036,31.85236794488225
117.170765175352,31.852787517153814
117.17056918691199,31.853050491355006
117.17030501904506,31.853140996570247
117.17004085117813,31.853231501785483
117.16958774998982,31.853162441318396
117.16918796871745,31.85318321605651
117.16890347528029,31.853150639571176
117.16861898184314,31.853118063085844
19
117.16840526752347,31.853118063085844
117.16851004786389,31.852630585657735
117.16865987743908,31.852224854255503
117.1688260425357,31.85195598799776
117.1690520828952,31.851670169373108
117.16947120397172,31.851553250558002
117.16984434186388,31.851432307004693
117.17019873931089,31.851695716630605
117.17040700019491,31.851901879467118
117.170758238763,31.852306683532962
117.17087447918597,31.852603916084785
117.17099071960894,31.85290114863661
117.17056918691199,31.853050491355006
117.17030501904506,31.853140996570247
117.17004085117813,31.853231501785483
117.16958774998982,31.853162441318396
117.16918796871745,31.85318321605651
117.16891487070194,31.853150639571176
117.16840526752347,31.853118063085844
22
117.1683306849549,31.852625362067222
117.16851597976607,31.85218235718447
117.1687139827171,31.851835930958334
117.16901691248631,31.851511310855333
117.16946467114168,31.85140611960236
117.16981421139558,31.851241730704174
117.17005580820498,31.851399685428046
117.17029740501438,31.851557640151917
117.17052266897227,31.85180238096579
117.1707151096302,31.852022999733308
117.1709075502881,31.852243618500825
117.17111920485273,31.852585646077195
117.17117378536834,31.853088419930177
117.17087148614017,31.85306945564259
117.17056918691199,31.853050491355006
117.17030501904506,31.853140996570247
117.17004085117813,31.853231501785483
117.16958774998982,31.853162441318396
117.16918796871745,31.85318321605651
117.16891487070194,31.853150639571176
117.16840526752347,31.853118063085844
117.1683306849549,31.852625362067222
25
117.1680950066557,31.85268654099035
117.16823401438238,31.85240228570792
117.16837302210905,31.852118030425494
117.16861003113681,31.851697739057776
117.16899048532763,31.85132976147206
117.16945249558067,31.851265889171913
117.16973046678788,31.851051184843733
117.17012378633441,31.85124565606359
117.17039456557116,31.85142557546355
117.17063603579658,31.85170774487277
117.17083691067413,31.851943807868533
117.17114680400124,31.85217428098419
117.17137399087152,31.852580088938552
117.17140636250036,31.85285889910743
117.17143873412921,31.85313770927631
117.17113032000167,31.85310358245945
117.17082190587412,31.85306945564259
117.17056918691199,31.853050491355006
117.17030501904506,31.853140996570247
117.17004085117813,31.853231501785483
117.16958774998982,31.853162441318396
117.16918796871745,31.85318321605651
117.16891487070194,31.853150639571176
117.16840526752347,31.853118063085844
117.1680950066557,31.85268654099035
29
117.16786987505802,31.852834672854762
117.16802500225197,31.852384352775825
117.16820552512736,31.852074482830787
117.16835394465171,31.851819382088262
117.16850236417605,31.85156428134573
117.16873622264269,31.851352091833487
117.16897008110934,31.85113990232124
117.16942674568104,31.851126563459523
117.16967205657397,31.850869975581936
117.16992210567554,31.850985310040375
117.1701721547771,31.851100644498818
117.17047803085597,31.85132977778891
117.17078800993862,31.851626863595865
117.17094163645248,31.851853433418217
117.1714028477215,31.852090204240376
117.17164165937729,31.852548770309074
117.17167509515383,31.852838649502704
117.17167611613777,31.85326529088761
117.17116720155117,31.85310358245945
117.17082190587412,31.85306945564259
117.17056918691199,31.853050491355006
117.17030501904506,31.853140996570247
117.17004085117813,31.853231501785483
117.16958774998982,31.853162441318396
117.16918796871745,31.85318321605651
117.16891487070194,31.853150639571176
117.16840526752347,31.853118063085844
117.16813757129074,31.852976367970303
117.16786987505802,31.852834672854762
33
117.16768452701234,31.85292670479457
117.16773305810004,31.852652792804683
117.16778158918774,31.8523788808148
117.16803073318285,31.852026205866984
117.16823309465477,31.851743222788244
117.16839696029353,31.851431746363964
117.16867271678865,31.851167191553557
117.16898666895277,31.850945562733244
117.16938777277028,31.850991807888743
117.16954131489409,31.850703140743505
117.16996632060031,31.85082025758332
117.1702541248255,31.85098690566463
117.17059134792778,31.85119735558371
117.17100994540071,31.85149762101939
117.17117769637825,31.85170760346219
117.1714838903491,31.851774871832855
117.1717959034217,31.851919105229992
117.17196325829333,31.852179506076762
117.17208248094,31.852466280788423
117.17210836858837,31.85284280907672
117.17186204878968,31.85326529088761
117.17151462517042,31.85318443667353
117.17116720155117,31.85310358245945
117.17082190587412,31.85306945564259
117.17056918691199,31.853050491355006
117.17030501904506,31.853140996570247
117.17004085117813,31.853231501785483
117.16958774998982,31.853162441318396
117.16918796871745,31.85318321605651
117.16891487070194,31.853150639571176
117.16840526752347,31.853118063085844
117.16803794656818,31.853241553340634
117.16768452701234,31.85292670479457
37
117.16753102924751,31.8526831333236
117.16754441192569,31.852362576094055
117.16782539528579,31.85196586483255
117.16811777740239,31.851661442381353
117.16828129870633,31.851324069955925
117.16845703021427,31.85105421313116
117.16863276172221,31.850784356306395
117.16900428302527,31.850761619922356
117.16931890063485,31.85086403967532
117.16939327264797,31.85054555833622
117.16972440214076,31.850588764706213
117.17001609741456,31.85067017683486
117.17032742483538,31.85087241760263
117.17082406526093,31.85100380775653
117.17109521411423,31.851130445456814
117.17137563747956,31.851268462519645
117.17152385237266,31.851442066465268
117.17178192575402,31.851448884573205
117.17216746331611,31.85170535436572
117.17236395908203,31.852065477842384
117.17246056583595,31.852432639742027
117.17247808101952,31.852909173827502
117.17222229173264,31.853135034383268
117.17186204878968,31.85326529088761
117.17151462517042,31.85318443667353
117.17116720155117,31.85310358245945
117.17082190587412,31.85306945564259
117.17056918691199,31.853050491355006
117.17030501904506,31.853140996570247
117.17004085117813,31.853231501785483
117.16958774998982,31.853162441318396
117.16918796871745,31.85318321605651
117.16891487070194,31.853150639571176
117.16840526752347,31.853118063085844
117.16800363520947,31.853241553340634
117.16754200947615,31.853056907989654
117.16753102924751,31.8526831333236
45
117.16733753126786,31.852354416144674
117.16760903595147,31.85189732934576
117.1679693771732,31.85159623664261
117.16813190446813,31.851260561260528
117.16821379441258,31.85098508220989
117.16829568435703,31.85070960315925
117.16866417660013,31.850565105654706
117.16911380037062,31.85058496569512
117.16919233890658,31.850781091297257
117.16920046756175,31.850510276230434
117.1692085962169,31.850239461163607
117.16947980231774,31.850325821574657
117.16975100841857,31.850412181985707
117.17009148716213,31.850542803146602
117.1704808667481,31.85070981329768
117.17077343844588,31.850683057344764
117.17107421656493,31.850710522546574
117.17141619761729,31.850835097238615
117.17173935922612,31.85101584449436
117.1718454643769,31.851131879476696
117.17209987188863,31.851159348149277
117.17230863046748,31.851343634828464
117.17251738904633,31.851527921507653
117.17274062147472,31.851960477950065
117.17282635413902,31.852396596207047
117.17284382116418,31.85267510357944
117.17286128818934,31.852953610951833
117.17245693579855,31.853233541457247
117.17215949229411,31.853249416172428
117.17186204878968,31.85326529088761
117.17151462517042,31.85318443667353
117.17116720155117,31.85310358245945
117.17082190587412,31.85306945564259
117.17056918691199,31.853050491355006
117.17030501904506,31.853140996570247
117.17004085117813,31.853231501785483
117.16958774998982,31.853162441318396
117.16918796871745,31.85318321605651
117.16891487070194,31.853150639571176
117.16840526752347,31.853118063085844
117.16800363520947,31.853241553340634
117.16772683512305,31.85321646685923
117.16745003503664,31.853191380377826
117.16734908203404,31.852741340989486
117.16733753126786,31.852354416144674
48
117.16714802088755,31.852366531095203
117.1672938034426,31.852086552659117
117.16741876919433,31.851819742266425
117.16781511579714,31.851528752469534
117.16791260617724,31.851033150782932
117.16800689086527,31.85075646051818
117.16817998629865,31.85048235291404
117.16848641727103,31.850353431204834
117.16876312828569,31.85030666887849
117.16897078566278,31.85018773696873
117.16902372542428,31.85003054715656
117.16928826823072,31.849911366139224
117.16955281103716,31.849792185121885
117.16968688367557,31.850027638322068
117.16982095631398,31.85026309152225
117.17022652996512,31.850367998952738
117.17067143993862,31.850442872567527
117.17093932772585,31.850390540613628
117.17127575868693,31.85046434557152
117.17165976439603,31.850645168123403
117.1720589649372,31.85083109881991
117.17211137801395,31.850886223284117
117.17238552143723,31.850937168796335
117.17261380253107,31.85120755817998
117.17282190227672,31.851415240590946
117.17307697140647,31.851873605199817
117.17317641790089,31.852364683792644
117.1731997727281,31.852625793096554
117.17320357022135,31.8530646621826
117.17284955206905,31.853208306918702
117.17245693579855,31.853233541457247
117.17215949229411,31.853249416172428
117.17186204878968,31.85326529088761
117.17151462517042,31.85318443667353
117.17116720155117,31.85310358245945
117.17082190587412,31.85306945564259
117.17056918691199,31.853050491355006
117.17030501904506,31.853140996570247
117.17004085117813,31.853231501785483
117.16958774998982,31.853162441318396
117.16918796871745,31.85318321605651
117.16891487070194,31.853150639571176
117.16840526752347,31.853118063085844
117.16800363520947,31.853241553340634
117.16773106804649,31.85321646685923
117.16737887983274,31.853191380377826
117.1672050750979,31.852790150624287
117.16714802088755,31.852366531095203
49
117.16695769497558,31.852403876556615
117.16713600395587,31.852048479855153
117.16716787121199,31.85151667795595
117.16760421743713,31.851484554399903
117.16770949845827,31.851021735944236
117.16782806259556,31.8507325587855
117.16808702257704,31.850337983539166
117.16853121846485,31.85005803980827
117.1687697022189,31.85011400324419
117.16867049064396,31.850066266190698
117.16886182092605,31.84991474998146
117.16918968941131,31.84976326206692
117.16964140328487,31.84965410666201
117.16999168272231,31.84978218200303
117.16993826173646,31.85015587719595
117.17036077363858,31.850151396784362
117.17081825210161,31.850200450886167
117.17106603585891,31.850163009277374
117.17146430492916,31.850272329405644
117.17190743409716,31.850453356335937
117.17237923457121,31.85063008896541
117.17237728505842,31.850668581148017
117.17267107155084,31.850790433611753
117.17290473622543,31.851098473692943
117.17307579139758,31.851329262491998
117.17325223373577,31.851785509792734
117.17331717687412,31.852069877356506
117.17339581870215,31.852341100053717
117.17343639887522,31.852607616321098
117.17344178896992,31.853135415173575
117.172979007751,31.853208306918702
117.17245693579855,31.853233541457247
117.17215949229411,31.853249416172428
117.17186204878968,31.85326529088761
117.17151462517042,31.85318443667353
117.17116720155117,31.85310358245945
117.17082190587412,31.85306945564259
117.17056918691199,31.853050491355006
117.17030501904506,31.853140996570247
117.17004085117813,31.853231501785483
117.16958774998982,31.853162441318396
117.16918796871745,31.85318321605651
117.16891487070194,31.853150639571176
117.16840526752347,31.853118063085844
117.16800363520947,31.853241553340634
117.16773106804649,31.85321646685923
117.16737887983274,31.853191380377826
117.16706780744738,31.852870843805672
117.16695769497558,31.852403876556615
59
117.16678241277253,31.852439428992437
117.16683557880943,31.85214211672907
117.16688874484632,31.8518448044657
117.16685218404774,31.85162240385301
117.16702320977524,31.851415695976556
117.16742224865129,31.851382771096464
117.16752546233575,31.85103224051495
117.16761362150577,31.850715950017253
117.16781760126537,31.850493909221598
117.16802158102496,31.850271868425942
117.16824425958066,31.85003447306252
117.16853097796135,31.849944566269972
117.16864856357071,31.849971940745142
117.16875662302071,31.849761943771554
117.16916097974432,31.849590551450746
117.16966941266155,31.849503619753435
117.16997084902614,31.849488824491214
117.17027228539074,31.849474029228997
117.17030251532454,31.84970619232502
117.17006886319413,31.850060763407008
117.17050382052443,31.84988123652455
117.17093304748755,31.84998273192622
117.17119062073698,31.84996552295172
117.17163588645748,31.850090913405996
117.17190475820526,31.850167642550353
117.17217362995304,31.850244371694714
117.17243307380748,31.850328153792383
117.17269251766194,31.85041193589005
117.1726973517844,31.850501671328836
117.17295735023788,31.85067550388237
117.17309772704412,31.85101168398389
117.17321218369473,31.851250588210007
117.17340420345872,31.851733660680328
117.17344040136015,31.85205281784779
117.17350989085409,31.852325810023437
117.17354729000975,31.852583831753357
117.17357125866278,31.85286111042308
117.17355704787357,31.85321761144303
117.17326802781228,31.853212959180865
117.172979007751,31.853208306918702
117.17245693579855,31.853233541457247
117.17215949229411,31.853249416172428
117.17186204878968,31.85326529088761
117.17151462517042,31.85318443667353
117.17116720155117,31.85310358245945
117.17082190587412,31.85306945564259
117.17056918691199,31.853050491355006
117.17030501904506,31.853140996570247
117.17004085117813,31.853231501785483
117.16958774998982,31.853162441318396
117.16918796871745,31.85318321605651
117.16891487070194,31.853150639571176
117.16840526752347,31.853118063085844
117.16800363520947,31.853241553340634
117.16773106804649,31.85321646685923
117.16737887983274,31.853191380377826
117.16693995124203,31.85304032161496
117.16686118200728,31.852739875303698
117.16678241277253,31.852439428992437
61
117.16645116214163,31.851935348604925
117.16649637085902,31.851688757704444
117.16672024908843,31.85151606594256
117.16696756138455,31.851255540275808
117.16725876509683,31.85126789297432
117.16728664972236,31.85107171978451
117.16754484997747,31.85071622997062
117.16777980399752,31.850470986187425
117.16799257658634,31.850245461411973
117.16821960506881,31.849988197444993
117.16854585344257,31.84989442836655
117.16861366489127,31.849942099974353
117.16873632300049,31.84972918308677
117.16915337796438,31.849417451153954
117.16967863335768,31.84945126685221
117.17004017035258,31.84931494718165
117.17049947032064,31.84935338114904
117.17061699565244,31.849633219491754
117.17030625718594,31.849903188977596
117.17057780718918,31.849668526074936
117.17105017981572,31.849789088216397
117.17129450718384,31.849786221228435
117.17179358083915,31.849903985646158
117.17211606249363,31.849952676842957
117.17241699689156,31.850050278102852
117.17268040076165,31.850138055266466
117.17297263067496,31.8502774926946
117.17299177586618,31.85041265243188
117.17324349175094,31.850600207074166
117.17324764940237,31.85093881902227
117.17335209818854,31.85117761069463
117.1734450506099,31.851443629972163
117.17353802422794,31.85170978865355
117.17356598796934,31.852044013358483
117.1736250998285,31.85231297030667
117.17370538394204,31.85258901310316
117.17372971414567,31.852887597003896
117.17364749665795,31.85323149620735
117.17333392860652,31.85323251402847
117.172979007751,31.853208306918702
117.17245693579855,31.853233541457247
117.17215949229411,31.853249416172428
117.17186204878968,31.85326529088761
117.17151462517042,31.85318443667353
117.17116720155117,31.85310358245945
117.17082190587412,31.85306945564259
117.17056918691199,31.853050491355006
117.17030501904506,31.853140996570247
117.17004085117813,31.853231501785483
117.16958774998982,31.853162441318396
117.16918796871745,31.85318321605651
117.16891487070194,31.853150639571176
117.16840526752347,31.853118063085844
117.16800363520947,31.853241553340634
117.16773106804649,31.85321646685923
117.16737887983274,31.853191380377826
117.16687011770627,31.85324661261059
117.16669226641478,31.85285854238816
117.16660649951358,31.852550392473685
117.16652214101578,31.852240407288196
117.16645116214163,31.851935348604925
63
117.16618340231308,31.852252574543243
117.16626599825064,31.85197796415844
117.16632477481112,31.851622613314962
117.16660910816694,31.851375015979407
117.16690119256337,31.851103726337573
117.16715391449459,31.851134474043604
117.1670109041862,31.851090301924565
117.1672500179988,31.850867146113174
117.16748719490997,31.850700130812243
117.16774271086219,31.85044674491156
117.16796375983046,31.850218242758338
117.16820079624412,31.849954887492284
117.16856191132393,31.84984285875078
117.16857537913819,31.849914622752234
117.16870929683354,31.84970182885293
117.1689285121437,31.849533370728196
117.16915328442434,31.849358676866522
117.16968625903743,31.849409838355832
117.1700718769913,31.849187458585465
117.1703826081522,31.849173985251873
117.17073613869482,31.849018193144133
117.17096794410911,31.84927973505211
117.17118786568433,31.849600674165888
117.17139874667339,31.849603511780625
117.17167919574626,31.849653965877923
117.17196207123628,31.849690994488856
117.17235696231627,31.84971404754677
117.17274324119091,31.849801060236388
117.17300242851665,31.84992278322275
117.17325662715999,31.85015849272757
117.17327081554359,31.850358346292747
117.17339715137871,31.850562195341567
117.17340194396415,31.850908986752124
117.17348238313258,31.85112438681522
117.1735771002091,31.851403438503695
117.17367765165939,31.851700376199275
117.17372159135371,31.85205357355924
117.17377068171834,31.85228781832746
117.17388327189688,31.85258108646255
117.17388968789449,31.852984531585744
117.17364749665795,31.85323149620735
117.17333392860652,31.85323251402847
117.172979007751,31.853208306918702
117.17245693579855,31.853233541457247
117.17215949229411,31.853249416172428
117.17186204878968,31.85326529088761
117.17151462517042,31.85318443667353
117.17116720155117,31.85310358245945
117.17082190587412,31.85306945564259
117.17056918691199,31.853050491355006
117.17030501904506,31.853140996570247
117.17004085117813,31.853231501785483
117.16958774998982,31.853162441318396
117.16918796871745,31.85318321605651
117.16891487070194,31.853150639571176
117.16840526752347,31.853118063085844
117.16800363520947,31.853241553340634
117.16773106804649,31.85321646685923
117.16737887983274,31.853191380377826
117.16685874553174,31.85324661261059
117.1665425734472,31.85303756671715
117.16643915109756,31.852694185165937
117.16618340231308,31.852252574543243
65
117.16579653640981,31.85223191361444
117.16607743052704,31.851946733754094
117.16613384778582,31.851577623439972
117.16648470597208,31.851243800641186
117.16678288042975,31.850963685558927
117.1668660912149,31.850971012137283
117.16715066845312,31.85080649244701
117.1674421745341,31.850671545109005
117.16770622351602,31.850421127538567
117.16793508416129,31.850190094018554
117.16818203015904,31.84992102280898
117.16857940708452,31.849790459821435
117.16853262272863,31.849890546043742
117.16868075645392,31.84967543365593
117.16890742082897,31.849500121041462
117.16915674368768,31.849298401091584
117.16942432877869,31.849333335424447
117.1696919138697,31.84936826975731
117.17006234873233,31.849148846435252
117.1703563954275,31.849014009063932
117.17079376636835,31.848914345173114
117.17131499939367,31.849016916191083
117.17146728060276,31.849514859454235
117.1714972288941,31.84941288625445
117.17182636348306,31.849445841972372
117.17210184414049,31.8494680573606
117.1725823997809,31.849460728261178
117.1729961440772,31.84959126357763
117.17323776749419,31.849794395031655
117.1734250274111,31.850104772120044
117.1734425565158,31.85033197717994
117.17354684886192,31.85054029846252
117.17354464522876,31.850903624178695
117.17361413871849,31.85107373003119
117.17372158197483,31.85134757195467
117.17384139180503,31.85168034953168
117.17389419204183,31.85205929877428
117.17393068019294,31.85224494034375
117.17406585884521,31.8526013313616
117.17405505686499,31.85292018243524
117.17404425488476,31.853239033508878
117.17364749665795,31.85323149620735
117.17333392860652,31.85323251402847
117.172979007751,31.853208306918702
117.17245693579855,31.853233541457247
117.17215949229411,31.853249416172428
117.17186204878968,31.85326529088761
117.17151462517042,31.85318443667353
117.17116720155117,31.85310358245945
117.17082190587412,31.85306945564259
117.17056918691199,31.853050491355006
117.17030501904506,31.853140996570247
117.17004085117813,31.853231501785483
117.16958774998982,31.853162441318396
117.16918796871745,31.85318321605651
117.16891487070194,31.853150639571176
117.16840526752347,31.853118063085844
117.16800363520947,31.853241553340634
117.16773106804649,31.85321646685923
117.16737887983274,31.853191380377826
117.16685874553174,31.85324661261059
117.1664471340874,31.853137827464074
117.16629270780464,31.852878214074416
117.16589190940009,31.85256014827361
117.16579653640981,31.85223191361444
68
117.16556382824237,31.852730439386388
117.16558881109951,31.852232990177967
117.16587961573607,31.85190780079746
117.16592232542463,31.85154478753526
117.1662006910033,31.851337308041412
117.16637215397742,31.85109907765892
117.16667534375638,31.850809368333138
117.166812891212,31.850787266638743
117.16712420521118,31.85076654208807
117.1674003768448,31.850640024003983
117.16767027100394,31.850394330434607
117.16790658831803,31.850161093693732
117.16816332946554,31.849886662114788
117.16858091944096,31.849739893754375
117.16865439671729,31.849628917108916
117.16888577497704,31.849460005772865
117.1691535897937,31.84923888413857
117.16944514021608,31.84928857529392
117.16969216176844,31.84932744436729
117.17004377384526,31.84911417232026
117.1703324582323,31.848899799985716
117.17080657568142,31.848868993134545
117.17114617661699,31.84875463553622
117.1716001980126,31.848560538472757
117.17166293962647,31.848905425006407
117.17172568124033,31.849250311540054
117.17194702221835,31.849242014765064
117.17218588385703,31.84926948919497
117.1724839041491,31.849232696767174
117.17284304902509,31.849200599852836
117.17328039379137,31.84942780582983
117.17342034253885,31.849727372535867
117.1735815691693,31.850068893983703
117.17359132035195,31.850294626179977
117.17370907721156,31.850506719462913
117.17368928524826,31.85090422506543
117.17374322689736,31.850989516201757
117.17386897754353,31.85127201585044
117.17400810408574,31.85165433906176
117.17406684241665,31.852061614192245
117.17409388433724,31.852194711858452
117.17424588915476,31.852606174636684
117.17424516276031,31.853056218620786
117.1740450332247,31.853239033508878
117.17364749665795,31.85323149620735
117.17333392860652,31.85323251402847
117.172979007751,31.853208306918702
117.17245693579855,31.853233541457247
117.17215949229411,31.853249416172428
117.17186204878968,31.85326529088761
117.17151462517042,31.85318443667353
117.17116720155117,31.85310358245945
117.17082190587412,31.85306945564259
117.17056918691199,31.853050491355006
117.17030501904506,31.853140996570247
117.17004085117813,31.853231501785483
117.16958774998982,31.853162441318396
117.16918796871745,31.85318321605651
117.16891487070194,31.853150639571176
117.16840526752347,31.853118063085844
117.16800363520947,31.853241553340634
117.16773106804649,31.85321646685923
117.16737887983274,31.853191380377826
117.16685874553174,31.85324661261059
117.1664471340874,31.853137827464074
117.1662295306358,31.85314135831055
117.16591881533923,31.852914256460576
117.16556382824237,31.852730439386388
71
117.16517944009372,31.852828695082614
117.16526846614558,31.85253379072471
117.16535749219744,31.85223888636681
117.1656574769097,31.85188945318103
117.16587897168841,31.8515256549124
117.16617370463744,31.851303502432142
117.1663408136977,31.851068966747466
117.16665356441442,31.850775112934485
117.16681947122929,31.850738649467697
117.16711386543409,31.850720325001735
117.16735864042664,31.850607844954574
117.16763480712895,31.85036634347587
117.1678782396678,31.85013119494135
117.16814423294795,31.849845429770724
117.16856327796313,31.84968163569266
117.16862641687496,31.849576751941413
117.16885831720556,31.849392847866515
117.16912916663098,31.84911542466207
117.16946769563971,31.849243725950682
117.16969231700045,31.849286266779558
117.17002411434353,31.84908091008239
117.17032377508137,31.8488611691976
117.1708063151102,31.8488245049822
117.17111501212648,31.84856931422251
117.17142182269782,31.84845606049907
117.17181431099392,31.848370376448727
117.17208068560537,31.848564946038532
117.17204726868457,31.849051777823014
117.1722582049947,31.849066213596732
117.1726140881483,31.848966389129693
117.173087092122,31.84898031025796
117.17341633781322,31.849334128181702
117.17358751891601,31.8496876623013
117.17374852367942,31.850029429967737
117.17375678497233,31.850256411138208
117.17388060417852,31.850476674638298
117.17384732952388,31.85092135992479
117.17386647969822,31.850876038993206
117.17401863427004,31.85117277103042
117.17416657893109,31.851626290229778
117.17423452674542,31.852060514687295
117.17424509626244,31.852139206777032
117.17442108217809,31.852600940269586
117.17442729824276,31.852939050537483
117.17436539683338,31.853190827047715
117.1740450332247,31.853239033508878
117.17364749665795,31.85323149620735
117.17333392860652,31.85323251402847
117.172979007751,31.853208306918702
117.17245693579855,31.853233541457247
117.17215949229411,31.853249416172428
117.17186204878968,31.85326529088761
117.17151462517042,31.85318443667353
117.17116720155117,31.85310358245945
117.17082190587412,31.85306945564259
117.17056918691199,31.853050491355006
117.17030501904506,31.853140996570247
117.17004085117813,31.853231501785483
117.16958774998982,31.853162441318396
117.16918796871745,31.85318321605651
117.16891487070194,31.853150639571176
117.16840526752347,31.853118063085844
117.16800363520947,31.853241553340634
117.16773106804649,31.85321646685923
117.16737887983274,31.853191380377826
117.16685874553174,31.85324661261059
117.1664471340874,31.853137827464074
117.1662351905864,31.85314135831055
117.16589225316274,31.853118181437754
117.16541806645515,31.85307007625073
117.16517944009372,31.852828695082614
75
117.16499926046012,31.85261608193734
117.16513157900333,31.85219900475965
117.16537496560935,31.85203263125808
117.16561835221538,31.85186625775651
117.16584300974432,31.851495626373175
117.16614653862788,31.851269179892775
117.166309435006,31.851038213449872
117.1666321693154,31.850740104671477
117.16682403032436,31.85068978404412
117.16710418217913,31.850673465445656
117.16731690957775,31.850575232701033
117.16759871217728,31.85033871621837
117.16785590021355,31.85009208728183
117.16812031795573,31.849784913743214
117.16854444275538,31.849621797638264
117.16859673071215,31.84952485960932
117.16882299113708,31.849327583856823
117.16890840062167,31.849009844909254
117.16899381010627,31.848692105961685
117.16924243299755,31.848942074367994
117.16949105588883,31.849192042774305
117.16969234757201,31.849244655746187
117.17000732802687,31.849047089274517
117.17031464142094,31.848822263350336
117.17079688457832,31.84878216921774
117.17109395881252,31.848533871162644
117.17141905746661,31.84833041834564
117.17183525537278,31.848323455438404
117.17215376001924,31.848328979897435
117.17247226466569,31.84833450435647
117.1724766319365,31.848788321568787
117.17274733909473,31.84869672419591
117.17303617525067,31.848759461873843
117.17332501140662,31.848822199551773
117.17357746551517,31.84927020036194
117.17375071227806,31.849620653683967
117.17392885404415,31.849997209216447
117.17393206600218,31.850217373160223
117.17405859845832,31.850465048402388
117.17402460112216,31.850811922365516
117.17416223415184,31.85109015078089
117.1743153281919,31.851601197705154
117.17439457711963,31.852053637474835
117.17439175858823,31.8520788548406
117.17457928429796,31.852577191013765
117.17459929193629,31.85305512216064
117.17436539683338,31.853190827047715
117.1740450332247,31.853239033508878
117.17364749665795,31.85323149620735
117.17333392860652,31.85323251402847
117.172979007751,31.853208306918702
117.17245693579855,31.853233541457247
117.17215949229411,31.853249416172428
117.17186204878968,31.85326529088761
117.17151462517042,31.85318443667353
117.17116720155117,31.85310358245945
117.17082190587412,31.85306945564259
117.17056918691199,31.853050491355006
117.17030501904506,31.853140996570247
117.17004085117813,31.853231501785483
117.16958774998982,31.853162441318396
117.16918796871745,31.85318321605651
117.16891487070194,31.853150639571176
117.16840526752347,31.853118063085844
117.16800363520947,31.853241553340634
117.16773106804649,31.85321646685923
117.16737887983274,31.853191380377826
117.16685874553174,31.85324661261059
117.1664471340874,31.853137827464074
117.1662351905864,31.85314135831055
117.16597986134066,31.853230640015845
117.16560612839486,31.85324623385492
117.1652678233596,31.85307007625073
117.16500051035463,31.85295512093924
117.16499926046012,31.85261608193734
85
117.16467517788308,31.853180165282346
117.16470590746945,31.85275724491109
117.16485190340272,31.85246175096885
117.1650032838742,31.852167420277546
117.16531322259009,31.851888294038908
117.16558370912264,31.85183727425754
117.16580672251976,31.851465082593887
117.16611927728964,31.851234166290805
117.16627797664806,31.85100671245401
117.16661099051817,31.850704353874505
117.16682663573692,31.850640645282677
117.16709542783639,31.85062585523289
117.16728687098444,31.850541312165774
117.16756186399512,31.850311748415876
117.1678326062617,31.85005336778211
117.16808182818137,31.849700173343493
117.16852599671856,31.849561081430895
117.16856350241257,31.849470389363912
117.16877694549702,31.84927966729455
117.16860791885748,31.848924122114433
117.16850001556436,31.84858112655244
117.16878479000381,31.84813480066407
117.16905020344909,31.848233298206107
117.16931247012094,31.848344039777622
117.16942722701887,31.848750947206796
117.16952583730668,31.8491375252309
117.16969113703277,31.849198787435036
117.16999019324643,31.849013021177253
117.17030620051257,31.848784210833294
117.17078731234486,31.8487394432133
117.17107040620824,31.848499640252903
117.17141857832947,31.84828495887982
117.17184799099246,31.84827549254521
117.17216194431177,31.84828064996611
117.17241734716984,31.848138548071162
117.1727231609661,31.847990976062043
117.17302897476236,31.84784340405292
117.1730069627747,31.848166871751108
117.17298495078707,31.848490339449295
117.17324592916314,31.84855609213483
117.17352347252319,31.848730484389456
117.1737351023043,31.84919786774524
117.17391252432192,31.849533771732823
117.17411281416447,31.849956576275794
117.17411603125444,31.85018278331563
117.17423920365586,31.8504629058131
117.17419654112956,31.850797635477463
117.17430243460915,31.851022083078426
117.17438218902754,31.851300495139075
117.17446508154794,31.851576296558793
117.17453720946371,31.852035014265585
117.17452268258295,31.8520136583238
117.17462663500214,31.852272182754753
117.17467877882012,31.852564458494687
117.17475183837303,31.852885723277236
117.17473758317422,31.8532625472954
117.17436539683338,31.853190827047715
117.1740450332247,31.853239033508878
117.17364749665795,31.85323149620735
117.17333392860652,31.85323251402847
117.172979007751,31.853208306918702
117.17245693579855,31.853233541457247
117.17215949229411,31.853249416172428
117.17186204878968,31.85326529088761
117.17151462517042,31.85318443667353
117.17116720155117,31.85310358245945
117.17082190587412,31.85306945564259
117.17056918691199,31.853050491355006
117.17030501904506,31.853140996570247
117.17004085117813,31.853231501785483
117.16958774998982,31.853162441318396
117.16918796871745,31.85318321605651
117.16891487070194,31.853150639571176
117.16840526752347,31.853118063085844
117.16800363520947,31.853241553340634
117.16773106804649,31.85321646685923
117.16737887983274,31.853191380377826
117.16685874553174,31.85324661261059
117.1664471340874,31.853137827464074
117.1662351905864,31.85314135831055
117.16597986134066,31.853230640015845
117.16561639088275,31.85324623385492
117.1652678233596,31.85307007625073
117.16500536397893,31.85321260167632
117.16467517788308,31.853180165282346
87
117.16445536550066,31.852837992216113
117.16469222004983,31.852445063697523
117.16497523792488,31.852141421194407
117.16530314711378,31.85184832735327
117.16555484099926,31.85180185078175
117.16576998616519,31.851433968083963
117.1660917644684,31.851198505842724
117.166247836908,31.850960273089406
117.16659004448718,31.850667786263944
117.16682734404719,31.850591211459694
117.16708848196632,31.850577262005963
117.16726887693035,31.85050630817141
117.16752826489328,31.85027753760172
117.16780348904238,31.85001138018571
117.16800456742901,31.849542321748267
117.16850323299047,31.84950263412821
117.16831199617616,31.8490416905189
117.16823912241973,31.849005145904098
117.16800707965874,31.848628558768546
117.16807394146892,31.848132984950187
117.16831212690217,31.847815254870127
117.16856483340987,31.847566273594925
117.16897593060057,31.847506627289743
117.1694363247121,31.84764539803699
117.16962480400727,31.847952089325066
117.16967876150693,31.84838366812419
117.16958899516175,31.84879364473828
117.16957484891145,31.849104842431718
117.16968660888725,31.849141482312916
117.1699733495575,31.84897822734393
117.17029858005004,31.84874711876778
117.17077739030755,31.84869624233332
117.17104678400835,31.8484648040144
117.17141781293765,31.84823899079205
117.17186060448536,31.84822703797454
117.17215468771563,31.84823381509164
117.17239898376137,31.84809996101473
117.17270388629743,31.847945278432462
117.17307395498031,31.847805634505054
117.17351452230098,31.84800080437598
117.17361546283912,31.848404916033925
117.17351083840173,31.848437931706
117.17371180202714,31.848666968132544
117.17389533147775,31.849134200712655
117.1740678291497,31.849430672323933
117.17427754264017,31.8499107361526
117.17429218963316,31.850160687632275
117.17441357226656,31.850477542433705
117.17436895607293,31.850812020667508
117.17445005696251,31.850959574124495
117.1745309725216,31.851261883562287
117.17461781881481,31.851553893526187
117.17467200995401,31.85200015708534
117.174752390991,31.852235139030817
117.17471626175447,31.852558127635632
117.17491730758628,31.85292419336332
117.17473758317422,31.8532625472954
117.17436539683338,31.853190827047715
117.1740450332247,31.853239033508878
117.17364749665795,31.85323149620735
117.17333392860652,31.85323251402847
117.172979007751,31.853208306918702
117.17245693579855,31.853233541457247
117.17215949229411,31.853249416172428
117.17186204878968,31.85326529088761
117.17151462517042,31.85318443667353
117.17116720155117,31.85310358245945
117.17082190587412,31.85306945564259
117.17056918691199,31.853050491355006
117.17030501904506,31.853140996570247
117.17004085117813,31.853231501785483
117.16958774998982,31.853162441318396
117.16918796871745,31.85318321605651
117.16891487070194,31.853150639571176
117.16840526752347,31.853118063085844
117.16800363520947,31.853241553340634
117.16773106804649,31.85321646685923
117.16737887983274,31.853191380377826
117.16685874553174,31.85324661261059
117.1664471340874,31.853137827464074
117.1662351905864,31.85314135831055
117.16597986134066,31.853230640015845
117.16561639088275,31.85324623385492
117.1652678233596,31.85307007625073
117.1650937815527,31.85321260167632
117.16460691883013,31.853240684065064
117.16445536550066,31.852837992216113
98
117.16421299147368,31.85300985710599
117.16448329993253,31.852651476876815
117.1646528378687,31.852422160119986
117.16494948011352,31.852112384745435
117.16529247131737,31.851808289704035
117.16552453224503,31.851766966327148
117.16573283964622,31.85140238738716
117.16606301634951,31.851163260523737
117.16621573145704,31.850902666349537
117.16657034806168,31.850629867930895
117.16682319163188,31.850534769373223
117.16708577311937,31.85053170437805
117.16725010095409,31.85047135512635
117.16749696386569,31.85022043115532
117.16774994565824,31.849936797096284
117.1676926358091,31.849503549331818
117.16786265950049,31.849201838992844
117.16812849996082,31.84924944995855
117.16839434042114,31.849297060924258
117.16802886740682,31.84916101308503
117.16792576760724,31.84897388512552
117.16780224270542,31.848916855667742
117.16765214887963,31.84845470378109
117.16768118107282,31.84808225970746
117.16774233890405,31.84775715973297
117.16806401865777,31.84738405512518
117.1684002238076,31.84711635641674
117.16891003301797,31.846979577667657
117.1692093154665,31.84705248451938
117.16952222840492,31.847119554945866
117.16987114613494,31.847472141295576
117.16994160590994,31.847747521702296
117.17001111758947,31.84802387536151
117.16984231742698,31.848460205377297
117.1696346356086,31.848779585130384
117.16962668524567,31.849078625597304
117.16967953433897,31.84908321754367
117.16995729735656,31.848942393445217
117.1702906071509,31.848709770489823
117.1707693959636,31.84864962856425
117.17102310015365,31.84842942774697
117.17141681827317,31.848192564505855
117.17187325666973,31.84817807976576
117.17214771558902,31.848186503603394
117.17238003880495,31.848061244509555
117.17268640203793,31.847898261409778
117.17308379654804,31.84775852995901
117.17349270673226,31.847786900397185
117.17392655871707,31.84799833407327
117.17392330350438,31.848294540786124
117.17391645322897,31.848587558102672
117.17380078551108,31.848483496924278
117.17392995416913,31.84863879639802
117.17405701591791,31.849058237735747
117.17421097527293,31.84933491512587
117.17432540746046,31.849598469968974
117.17444549205054,31.849876595482794
117.17444877566834,31.85014147053006
117.17457527518324,31.850490708380427
117.1745414108373,31.85084471061574
117.17460354104253,31.85090918107331
117.17468030576693,31.851225971309844
117.17470545143055,31.851540471024627
117.17479308122702,31.8519670894932
117.1748836769868,31.852234616594806
117.17475402723802,31.85255202839239
117.174980319417,31.852944794576434
117.17473758317422,31.8532625472954
117.17436539683338,31.853190827047715
117.1740450332247,31.853239033508878
117.17364749665795,31.85323149620735
117.17333392860652,31.85323251402847
117.172979007751,31.853208306918702
117.17245693579855,31.853233541457247
117.17215949229411,31.853249416172428
117.17186204878968,31.85326529088761
117.17151462517042,31.85318443667353
117.17116720155117,31.85310358245945
117.17082190587412,31.85306945564259
117.17056918691199,31.853050491355006
117.17030501904506,31.853140996570247
117.17004085117813,31.853231501785483
117.16958774998982,31.853162441318396
117.16918796871745,31.85318321605651
117.16891487070194,31.853150639571176
117.16840526752347,31.853118063085844
117.16800363520947,31.853241553340634
117.16773106804649,31.85321646685923
117.16737887983274,31.853191380377826
117.16685874553174,31.85324661261059
117.1664471340874,31.853137827464074
117.1662351905864,31.85314135831055
117.16597986134066,31.853230640015845
117.16561639088275,31.85324623385492
117.1652678233596,31.85307007625073
117.1650937815527,31.85321260167632
117.16460691883013,31.853240684065064
117.16421299147368,31.85300985710599
100
117.16410032214122,31.85310880819856
117.16420068811833,31.852803041790427
117.16444395812097,31.85262629334293
117.16462334528569,31.8523750239617
117.16492408839018,31.852082649734516
117.16528119602164,31.85176830992959
117.16549272900554,31.851732999410714
117.16570526147949,31.851368468068763
117.16603257132111,31.851129257375256
117.16618348568952,31.85084402118918
117.16655148046468,31.85059108328352
117.16681529685964,31.850466340560676
117.16708785156024,31.8504887610809
117.16722894071783,31.850437862761922
117.16746175210577,31.85016402837666
117.16768237995846,31.84988600816123
117.16746635764733,31.849677882034417
117.16725033533618,31.849469755907606
117.16717460421582,31.848990104911238
117.16744881881037,31.848737399449313
117.16728709224101,31.848258062755274
117.16731849512432,31.847790288164468
117.16743666305837,31.84737225150104
117.16764115055598,31.847180923719446
117.16784563805358,31.84698959593785
117.16823961308903,31.84670677642514
117.1685403147578,31.84658893088098
117.16885455268857,31.8465175186552
117.16918206706352,31.846684226433627
117.16956503405652,31.846600891394004
117.16982052364621,31.84679610374561
117.17005000833055,31.84702589260481
117.17018728824661,31.84737033966767
117.17031043213963,31.847787896793765
117.17017606394823,31.848132429778087
117.17002412269453,31.848458147610067
117.16967652605027,31.848778788608133
117.1696795016217,31.849020337117334
117.16993584308617,31.848886558843425
117.17028236805884,31.848672287951413
117.17076280527438,31.848599382244302
117.17100040305282,31.848388198516307
117.17141558778177,31.848145886112235
117.17188586915616,31.84812881826918
117.17214119439647,31.84813879980033
117.17236046193993,31.848022551362206
117.17267158096989,31.84784811066733
117.17306416031396,31.84771924812142
117.17327740404959,31.84735525230008
117.1736191706946,31.84723886315023
117.17372988219824,31.847492724907458
117.17384059370188,31.847746586664684
117.17417944035456,31.8479966735163
117.17417783684519,31.848459777864758
117.17414669383238,31.84864039076479
117.17422754387668,31.848997867842854
117.17434857892829,31.84924831629154
117.1744540077717,31.84954120446085
117.17457930243239,31.84985778590505
117.17458895706346,31.850121151659653
117.17475445198865,31.85045561215021
117.17466667784076,31.85086387069079
117.17467830804794,31.85088129827032
117.17471743420514,31.851213139655652
117.17473998212752,31.851529961466657
117.17490979029253,31.851916722439338
117.17496088658672,31.852231952609344
117.17479280053121,31.85255134314026
117.17504324375558,31.852969149246217
117.17473758317422,31.8532625472954
117.17436539683338,31.853190827047715
117.1740450332247,31.853239033508878
117.17364749665795,31.85323149620735
117.17333392860652,31.85323251402847
117.172979007751,31.853208306918702
117.17245693579855,31.853233541457247
117.17215949229411,31.853249416172428
117.17186204878968,31.85326529088761
117.17151462517042,31.85318443667353
117.17116720155117,31.85310358245945
117.17082190587412,31.85306945564259
117.17056918691199,31.853050491355006
117.17030501904506,31.853140996570247
117.17004085117813,31.853231501785483
117.16958774998982,31.853162441318396
117.16918796871745,31.85318321605651
117.16891487070194,31.853150639571176
117.16840526752347,31.853118063085844
117.16800363520947,31.853241553340634
117.16773106804649,31.85321646685923
117.16737887983274,31.853191380377826
117.16685874553174,31.85324661261059
117.1664471340874,31.853137827464074
117.1662351905864,31.85314135831055
117.16597986134066,31.853230640015845
117.16561639088275,31.85324623385492
117.1652678233596,31.85307007625073
117.1650937815527,31.85321260167632
117.16460691883013,31.853240684065064
117.16410032214122,31.85310880819856
106
117.16403920756828,31.85270563072753
117.16441490908491,31.852589837645397
117.1645927881965,31.852325221776116
117.1648989059207,31.852042331749747
117.16526943425119,31.851728391345908
117.16545933898186,31.851700185710122
117.16565972684873,31.85129611543912
117.16600089566342,31.85109618536353
117.1660924798115,31.850709755155815
117.16653185736021,31.850540417221794
117.16680726664876,31.850396753112797
117.16709349686745,31.85044536141475
117.16720546533547,31.850406110204293
117.16742455529189,31.850109545406987
117.16761613280761,31.849859219788943
117.16710132123106,31.84970585644141
117.16680835304311,31.849342885772884
117.16681059173179,31.848979232809654
117.16682318672493,31.848602357328062
117.16707801475181,31.848410947589976
117.16690864355213,31.848056666529224
117.16694911774565,31.847785788317825
117.16698959193917,31.847514910106426
117.16704977799102,31.847245071482295
117.1671099640429,31.846975232858163
117.1673612989339,31.846720354985074
117.16757949199734,31.846564454094835
117.16780555466865,31.846396589647497
117.16803161733995,31.846228725200163
117.16841123691118,31.846088461132734
117.16881815710731,31.846052919933232
117.16913692503401,31.846275245571842
117.16953278841758,31.846161999470134
117.169921436395,31.846379458378557
117.17020802323871,31.846661858675557
117.17041201007144,31.846989002126932
117.17050540889376,31.84725449650153
117.17059880771609,31.84751999087613
117.1705135718341,31.847783700129717
117.17042833595212,31.84804740938331
117.17019852951475,31.848435955109025
117.17020396868406,31.848428633660372
117.17048085482881,31.848488567349897
117.17075774097357,31.84854850103942
117.17097471908359,31.848326273910022
117.17140424176105,31.848082423939104
117.17188875053733,31.848071772351233
117.17213752660761,31.848099296791666
117.17233988969426,31.847984140310608
117.17266126850065,31.84779223457986
117.17302495234058,31.847689282108
117.17320856684087,31.847222997849755
117.1736221456197,31.847159454628258
117.1739370935017,31.847199491502494
117.17390552615267,31.84772703945994
117.17415432749578,31.847853392246865
117.1744031288389,31.847979745033793
117.1743947501557,31.848279210918605
117.17438637147248,31.848578676803417
117.17435437074644,31.848710451398972
117.17440485692852,31.848951450072324
117.1744914231483,31.849193075816274
117.17457760678836,31.84949771951131
117.1747563358753,31.849838762718516
117.17475493964457,31.850074477523833
117.17495903746624,31.85040804827861
117.17470621093108,31.850867505438334
117.17471901922546,31.85086632363069
117.17475481985878,31.851201592100796
117.17477354405837,31.851515078453854
117.1749676168527,31.85188021278891
117.17501396765708,31.852222235905057
117.17483174712689,31.8525508191877
117.17510626329691,31.85299687607868
117.17473758317422,31.8532625472954
117.17436539683338,31.853190827047715
117.1740450332247,31.853239033508878
117.17364749665795,31.85323149620735
117.17333392860652,31.85323251402847
117.172979007751,31.853208306918702
117.17245693579855,31.853233541457247
117.17215949229411,31.853249416172428
117.17186204878968,31.85326529088761
117.17151462517042,31.85318443667353
117.17116720155117,31.85310358245945
117.17082190587412,31.85306945564259
117.17056918691199,31.853050491355006
117.17030501904506,31.853140996570247
117.17004085117813,31.853231501785483
117.16958774998982,31.853162441318396
117.16918796871745,31.85318321605651
117.16891487070194,31.853150639571176
117.16840526752347,31.853118063085844
117.16800363520947,31.853241553340634
117.16773106804649,31.85321646685923
117.16737887983274,31.853191380377826
117.16685874553174,31.85324661261059
117.1664471340874,31.853137827464074
117.1662351905864,31.85314135831055
117.16597986134066,31.853230640015845
117.16561639088275,31.85324623385492
117.1652678233596,31.85307007625073
117.1650937815527,31.85321260167632
117.16460691883013,31.853240684065064
117.16410032214122,31.85310880819856
117.16403920756828,31.85270563072753
115
117.16398538155227,31.852633702858306
117.16439649891056,31.85254471620916
117.16456166311752,31.85227541618431
117.1648672060851,31.851976087537555
117.16525843912595,31.85168793934375
117.16543530944547,31.851670462414262
117.16560364322007,31.851207501967785
117.16593577917959,31.851012804389214
117.16580873000134,31.850689486806296
117.16578852366536,31.85032296494047
117.16606688527912,31.850188932803054
117.16634524689289,31.850054900665636
117.16680363633179,31.850310227875212
117.16710387218748,31.850401910260704
117.16717934012404,31.85037670475708
117.16738483934623,31.850058210410598
117.1673795979908,31.849857303204164
117.16713770581877,31.849852559866097
117.16678187688959,31.84978759290209
117.16657857671152,31.849493467656707
117.16642325382878,31.84921340738108
117.16646146421152,31.848738568877202
117.16653651536404,31.848237462441276
117.16674272814373,31.848120392799938
117.16654808766573,31.847906556379698
117.1666249000322,31.847510860817138
117.16666781438344,31.84719628342083
117.16673269564018,31.84692352266977
117.16682754225508,31.846589759931202
117.16710554204566,31.846262542807967
117.1673260394149,31.846109482963517
117.16753757942269,31.845964684110193
117.16782549799824,31.84578373080996
117.16827898376039,31.845628403827668
117.16879809883528,31.845598681724592
117.16909355008839,31.845847507329484
117.16948837825683,31.845696564456418
117.16974222296949,31.84583052979326
117.16999606768215,31.845964495130108
117.17034851369763,31.846287227021914
117.17059439114615,31.84663939781279
117.17071220687859,31.846907340105098
117.17087556462144,31.847253823964866
117.17078571264463,31.84766461702631
117.17066050670365,31.84799030985968
117.17043421701243,31.84830307774211
117.17049370344041,31.848418228262485
117.17075328235536,31.848496786506853
117.17094717855716,31.84826236115653
117.17139215933562,31.848011500095964
117.17189336134278,31.84801261672752
117.17213543778112,31.8480593625284
117.1723174929095,31.84794652499685
117.17265096818723,31.847736011840308
117.17298302931493,31.847665837864877
117.17295316882672,31.84725611292816
117.17300408096354,31.84681991673876
117.17334494191205,31.84689755781686
117.17362022058649,31.847076465308522
117.17406006936946,31.84704311134678
117.17399461366517,31.84741650771422
117.17398047448104,31.847726692683462
117.17424256419034,31.847732101044016
117.17459312759374,31.847925496772177
117.17459798314985,31.84834866390116
117.17456816607951,31.848660041270573
117.17454844392245,31.84876580231732
117.17456795386627,31.8489500639875
117.17463591013674,31.849168086661532
117.17472093998887,31.849447555030444
117.17511034409041,31.849795478881138
117.17506305165669,31.850005142206914
117.17543433651666,31.850381520592535
117.17511330901871,31.85069155680637
117.17475960806998,31.850863523839884
117.17479236311135,31.851190552565924
117.17480668708865,31.851498308801016
117.17502526359071,31.85184251729264
117.17506708395689,31.85221348004591
117.174870825472,31.85255201554945
117.17507282681318,31.852811320639063
117.17534989507223,31.8531457060784
117.17502699710495,31.853173005577805
117.17473758317422,31.8532625472954
117.17436539683338,31.853190827047715
117.1740450332247,31.853239033508878
117.17364749665795,31.85323149620735
117.17333392860652,31.85323251402847
117.172979007751,31.853208306918702
117.17245693579855,31.853233541457247
117.17215949229411,31.853249416172428
117.17186204878968,31.85326529088761
117.17151462517042,31.85318443667353
117.17116720155117,31.85310358245945
117.17082190587412,31.85306945564259
117.17056918691199,31.853050491355006
117.17030501904506,31.853140996570247
117.17004085117813,31.853231501785483
117.16958774998982,31.853162441318396
117.16918796871745,31.85318321605651
117.16891487070194,31.853150639571176
117.16840526752347,31.853118063085844
117.16800363520947,31.853241553340634
117.16773106804649,31.85321646685923
117.16737887983274,31.853191380377826
117.16685874553174,31.85324661261059
117.1664471340874,31.853137827464074
117.1662351905864,31.85314135831055
117.16597986134066,31.853230640015845
117.16561639088275,31.85324623385492
117.1652678233596,31.85307007625073
117.1650937815527,31.85321260167632
117.16460691883013,31.853240684065064
117.16410032214122,31.85310880819856
117.16398538155227,31.852633702858306
128
117.1639349822285,31.852561308877227
117.16438191619623,31.852496643766845
117.16452900998235,31.852227003378175
117.1648352850887,31.851906397796675
117.16525046371133,31.85164569990261
117.16540729065208,31.85164562253014
117.16553938170397,31.85112888593117
117.16561768194433,31.85080595154366
117.16534491496006,31.85065750846242
117.16513693285101,31.850344936495166
117.16520470322347,31.850049413326733
117.16527247359592,31.8497538901583
117.16569697657356,31.849504607432166
117.16613053708508,31.84930250715842
117.16600627398957,31.849011274193355
117.16602486912845,31.848690055596983
117.16604190395385,31.848410468738056
117.16610575155568,31.848134719648755
117.16620455911753,31.847821457805484
117.16636666693505,31.847847167532315
117.16619904298362,31.847750798909075
117.1662186162517,31.847458703448353
117.16623818951979,31.847166607987635
117.16627213046246,31.84683298760287
117.16634332208935,31.846511420755295
117.16645396451861,31.84602682241581
117.16677588386018,31.845675698965913
117.16700808830247,31.84552167683147
117.1671929310962,31.845397906885594
117.16749475336832,31.845175333196398
117.16782745217296,31.845034591345705
117.16813478007971,31.84492773407735
117.16844262811502,31.844899037585048
117.1688107333904,31.844892800392568
117.1690331937326,31.845198644630777
117.16937013970403,31.844975465053015
117.16978849407431,31.845153745731828
117.17009890528131,31.845393159073616
117.17030082454153,31.845641023152165
117.17049032119108,31.845883678963567
117.17076155019505,31.84627266431885
117.17091037856294,31.84652508375419
117.17113274457006,31.846974944171663
117.17109336758972,31.847254616505897
117.17105399060938,31.84753428884013
117.1708824764874,31.84795529677388
117.17063311758169,31.848283457100724
117.17074981539942,31.848444823688162
117.1709182904452,31.84819885927066
117.17137703445579,31.847927859555643
117.17190020106875,31.847953176675414
117.17213568238743,31.84801885574108
117.17229294162142,31.847909940070426
117.17264131217804,31.847679293228584
117.17294315453564,31.84765302647864
117.17283132075127,31.84738433290385
117.17263012647622,31.847055965028588
117.17260168079638,31.84662922852505
117.17273103600654,31.84619069137564
117.17308671087831,31.846193750029087
117.17344317409781,31.846247035195304
117.17361575712417,31.846491293678618
117.17361777664065,31.846769806806417
117.17413662884542,31.846771696884602
117.17410442758194,31.847130376520774
117.17399461366517,31.84741650771422
117.17403734826732,31.84769670001927
117.17430632008123,31.847596898589796
117.17456306534393,31.847718783655782
117.17481981060662,31.847840668721766
117.174828763908,31.848122855641442
117.17483771720936,31.84840504256112
117.17478622849822,31.848746802140518
117.17473397837006,31.84882155699628
117.17477481495382,31.848950901448376
117.17486949728965,31.849147562203708
117.17496874684645,31.84934059545027
117.1753551651844,31.849440006561778
117.17565621625035,31.8497226048029
117.17563371221779,31.849950924897712
117.17583807540187,31.85001447703907
117.1760599910922,31.850342779655797
117.17583970297216,31.85069207949803
117.17548176053985,31.85093361601288
117.17511088376403,31.85093077074728
117.17479098040691,31.85088393414301
117.17483002618683,31.851179763163728
117.17483914623253,31.85147925447913
117.17508282899341,31.851803456124173
117.17512027606838,31.852205576229277
117.17491170120216,31.852552647031366
117.175120379898,31.852789596877916
117.17535525089899,31.852980868471523
117.1754833588096,31.853239199254265
117.17502699710495,31.853173005577805
117.17473758317422,31.8532625472954
117.17436539683338,31.853190827047715
117.1740450332247,31.853239033508878
117.17364749665795,31.85323149620735
117.17333392860652,31.85323251402847
117.172979007751,31.853208306918702
117.17245693579855,31.853233541457247
117.17215949229411,31.853249416172428
117.17186204878968,31.85326529088761
117.17151462517042,31.85318443667353
117.17116720155117,31.85310358245945
117.17082190587412,31.85306945564259
117.17056918691199,31.853050491355006
117.17030501904506,31.853140996570247
117.17004085117813,31.853231501785483
117.16958774998982,31.853162441318396
117.16918796871745,31.85318321605651
117.16891487070194,31.853150639571176
117.16840526752347,31.853118063085844
117.16800363520947,31.853241553340634
117.16773106804649,31.85321646685923
117.16737887983274,31.853191380377826
117.16685874553174,31.85324661261059
117.1664471340874,31.853137827464074
117.1662351905864,31.85314135831055
117.16597986134066,31.853230640015845
117.16561639088275,31.85324623385492
117.1652678233596,31.85307007625073
117.1650937815527,31.85321260167632
117.16460691883013,31.853240684065064
117.16410032214122,31.85310880819856
117.16401246353502,31.852854502963805
117.1639349822285,31.852561308877227
144
117.16389047630285,31.8524774780972
117.16437392965904,31.852438642195743
117.16449208946482,31.852184879543046
117.16451634233658,31.85186814071747
117.16457467135608,31.85153749297876
117.16490859363363,31.851533604807777
117.16523354233826,31.851568535920027
117.16536076023183,31.85159116120407
117.16529587987108,31.851258453386247
117.16523787532445,31.85095190376546
117.16508748459037,31.850710138499323
117.1648868103024,31.850677044306256
117.16476995389517,31.85038761914543
117.16466280814929,31.85009756033452
117.16471677200279,31.849591585738185
117.16486043156014,31.849183044673488
117.16512030902246,31.84902727427614
117.16537073082654,31.848875157425404
117.16576902409145,31.848804779501847
117.16553642627062,31.848811374462713
117.16555499841958,31.848357142403337
117.16564425665304,31.848098007432064
117.1657624501729,31.847833321524025
117.16586831403599,31.847573208863828
117.16580220160137,31.847159084011974
117.16583052882078,31.84684879354272
117.16587111721473,31.846480296699166
117.16592585428418,31.846097249297426
117.16600821594875,31.845825144332
117.16619266510348,31.845575335787803
117.16662301519868,31.84532142590675
117.16683005034385,31.845176867250444
117.16696249311076,31.845024537977448
117.1673089946904,31.844799806130197
117.16768358555515,31.844616185884963
117.16804132669222,31.844433547449427
117.16838679020171,31.84442506125679
117.16883953903805,31.84430122092207
117.16895955721014,31.84449843105601
117.16922272720916,31.84434653048522
117.16956639931936,31.844450256762684
117.16984489510382,31.844588641740568
117.17021872172214,31.844785971157496
117.17047988691833,31.845061286937717
117.17067364740183,31.845402490935854
117.17080344769751,31.845645402078585
117.17093324799318,31.845888313221312
117.1710823748802,31.846165979897634
117.17121466461549,31.846398259349684
117.17136625510861,31.846657834509458
117.17135480821396,31.847087045674947
117.17131906467023,31.847431131657395
117.17120276123381,31.847686745559443
117.1710864577974,31.84794235946149
117.17094948939535,31.848092822963764
117.17111734885997,31.84797328459119
117.1713438968855,31.847784528505315
117.17162909895684,31.847831568389175
117.17191050291855,31.847893863778744
117.1721385194375,31.847977866353673
117.17226640952777,31.847874384944994
117.17263267617675,31.847621911882648
117.17290440164906,31.847636313632258
117.1727881895044,31.847392338587966
117.17253243222038,31.847176093566183
117.17227892701003,31.846928041428168
117.1722589016882,31.84660179735202
117.17224758596568,31.846299212710633
117.17235153762573,31.845987783029443
117.1725510625349,31.84569905525308
117.17300261047372,31.8455913146206
117.17328650232606,31.845656873904268
117.1735703941784,31.845722433187934
117.17387699221517,31.846136560936454
117.17371023618206,31.8461518981787
117.17411956974205,31.84622067935622
117.17430879520461,31.84656850388275
117.17455336579138,31.846725903595377
117.17444970591788,31.847239751154273
117.17399461366517,31.84741650771422
117.17406124457054,31.84764648428872
117.17437259032103,31.847404136953106
117.17477367802091,31.847507668224605
117.17515408754196,31.84765507532613
117.17516673326475,31.84806465339229
117.17514498130265,31.848485195812895
117.17506923195431,31.84887032937231
117.17501397987013,31.848907909403255
117.17505013303705,31.848921189140377
117.17518093349182,31.8490893594166
117.17528632379371,31.849147007875565
117.17564547984155,31.849270220527483
117.1758685949376,31.84948630603142
117.17608451716538,31.849711788085727
117.17607417742744,31.84990940184097
117.17619214152164,31.84993351758453
117.17631385448058,31.85035572658777
117.17623642575106,31.850840480094508
117.17588324236866,31.851234562479373
117.17551735889404,31.851210453680498
117.17518081488447,31.851153507606643
117.1748095795922,31.850914853157043
117.17486770892411,31.851168366523932
117.17487084905177,31.851458018918528
117.17514035758786,31.85176322652495
117.17517356902098,31.852198127474217
117.17495946164273,31.85254290336793
117.17516443651056,31.85276384582449
117.17541150772588,31.85296307187068
117.1754833588096,31.853239199254265
117.17502699710495,31.853173005577805
117.17473758317422,31.8532625472954
117.17436539683338,31.853190827047715
117.1740450332247,31.853239033508878
117.17364749665795,31.85323149620735
117.17333392860652,31.85323251402847
117.172979007751,31.853208306918702
117.17245693579855,31.853233541457247
117.17215949229411,31.853249416172428
117.17186204878968,31.85326529088761
117.17151462517042,31.85318443667353
117.17116720155117,31.85310358245945
117.17082190587412,31.85306945564259
117.17056918691199,31.853050491355006
117.17030501904506,31.853140996570247
117.17004085117813,31.853231501785483
117.16958774998982,31.853162441318396
117.16918796871745,31.85318321605651
117.16891487070194,31.853150639571176
117.16840526752347,31.853118063085844
117.16800363520947,31.853241553340634
117.16773106804649,31.85321646685923
117.16737887983274,31.853191380377826
117.16685874553174,31.85324661261059
117.1664471340874,31.853137827464074
117.1662351905864,31.85314135831055
117.16597986134066,31.853230640015845
117.16561639088275,31.85324623385492
117.1652678233596,31.85307007625073
117.1650937815527,31.85321260167632
117.16460691883013,31.853240684065064
117.16410032214122,31.85310880819856
117.16397743486674,31.852873974072775
117.16389047630285,31.8524774780972
